匹配的值的field和对应的key:
0000153075
MG007144
24028543
MG007136
MG007147
24026644
MG007134
24026458
24028428
MG007135
MG007130
24025285
24027708
MG007137
MG007128
24025350
4757290
4757203
4752262
4759302
4760319
4757307
4754493
4608712
4756080
4756564
4761141
4752363
4758706
4760665
4752495
4752194
4755976
4602219
4756452
4760516
4751844
4756555
4756810
4604831
4758682
4758154
4753055
4756749
4756883
4752932
4760575
4754171
4507757
4752598
4593550
4755346
3155725
4752202
4753296
4759449
3108644
3273407
1990798
159275
270688
281297
313869
335594
1
24599042
24606515
24601648
24586851
MG0001665
MG0001672
MG0001680
MG0001684
MG0001685
MG0001693
MG0001708
MG0001715
MG0001694
MG0001676
MG0001726
P1459716
0001113433
0001117487
0001123499
0000950524
0001116822
0001113937
0001119954
0000962650
T001017246
T001048522
0001118630
0001118674
0001121216
0001114745
0001114410
0001112471
0001112746
0001121645
0001116267
0001120792
0001121604
24013167
MG006833
24015125
MG006824
MG006856
MG006880
MG006870
MG006859
MG006875
MG006826
MG006845
MG006887
MG006831
MG006822
24012393
24016125
24013968
24013366
MG006873
MG006837
MG006907
24015451
24012354
MG006904
MG006855
24013524
MG006850
MG006829
MG006860
24016093
MG006884
24015802
3775072
3463949
4558511
4585734
4716931
4559068
4716182
4724840
4562000
4718513
4581743
4719903
4557491
4557446
4557531
4571668
4570129
4718016
4579800
4717261
4723871
4571183
4720617
4570272
4720865
4319101
4723568
4567940
4719831
4721146
4562583
4719653
4717987
4578117
4723743
4718017
4718078
4571360
4569980
4720854
4565325
4718774
4576759
4576515
4723464
4727625
4717690
4720708
4719760
4720567
4720713
4557392
4720220
4560612
4724874
4718197
4569598
4578094
4571924
4723345
4723523
4717563
4570779
4574773
4719531
4557426
4560018
4571225
4571361
4581782
4721065
3698611
4571910
4717187
4722574
4719039
4572314
4721764
4572664
4717347
4716297
4570664
4567457
4568582
4717668
4720746
4570871
3524317
4557726
4657635
4722619
4572750
4722413
364474
357345
365843
363043
364820
365317
1765668
229336
P1306606
p1302916
P1298290
P1305464
T40498
T2403160076
1466335
17678
01174047
01109975
01175511
01174981
MG0001515
MG006985
24016297
MG006945
MG006931
MG006927
MG006928
MG006913
MG006935
24018576
24018575
00157876
24018391
MG006981
MG006937
24017355
MG006914
MG006930
24018198
MG006920
MG006991
MG006978
MG006943
MG006980
MG006929
24018161
MG006987
24018162
24018196
MG006932
24016311
MG006925
24016256
MG006979
MG006986
MG006917
3779774
3780202
3655847
4733953
4730149
4727824
4575058
4729047
4574519
4596994
4575061
4593547
3640531
4730660
3799447
4578163
4578212
4583041
4734710
4734818
4728517
4734007
4734042
4734149
4730255
4730279
4581222
4574518
4734905
4582831
4584514
4734975
4577782
4734850
4589239
4728209
4581751
4595941
4731032
4578201
4575464
4581262
4604977
4734130
4733810
4574690
4578074
4577066
4735129
4578613
4718392
4729876
4729036
4727997
4568934
4581591
4576527
4590701
4734904
4729533
4730655
4597697
4577579
4734120
4581620
4730766
4574128
4734694
4733443
4574676
4568588
4580805
4730842
4581060
4581653
3356131
4733838
4577662
4575568
4730552
4576642
4589315
4589030
4727761
4448511
4579805
4607524
4734185
3331794
4577620
4733457
4413949
4578087
4729222
4734180
4733271
4574523
4557675
4729727
4729998
4733837
4730776
4730165
4578585
4581180
4581593
4581587
4730299
4730209
4582175
4730124
4590987
4583591
4733511
4590664
4576499
4577649
4730540
4730239
4729226
4728491
4734345
4733726
4574547
4350413
4589717
4730518
4581651
4733630
4583438
4575631
4581715
4250108
4574181
4734665
4729190
4729363
4562760
4578073
3015114
4586610
4729065
4734146
4564533
4577082
4586107
4577108
4583437
4574036
3261610
3827014
4594240
4565132
4590559
4734907
4734860
4584439
4734645
4578624
4343465
4578093
4728839
4575032
4730640
4583593
4730576
4729252
4734631
4571246
4590550
4728225
4587387
4734369
MB24000056
MB24000053
MB24000054
MB24000052
3228426
2706011
2539046
3225803
3227905
3228729
3227295
1869330
3228292
1582873
3228839
2909505
2061927
3225776
3228801
3233876
3225863
3193747
3233049
3228174
T48099
T48157
T2404020026
C02585
1319701
T2404040002
T2404080019
3039016
C02590
T2404060049
T2404050002
T2404160038
3154168
2805337
1589340
2976519
3160326
T2404180004
T2404040035
T2404160040
T2404040001
C02588
T2404040053
C02589
T2404170009
T2403030071
T48230
C02595
T2404150038
T40678
T2404170046
T2404050054
T2404070004
2404172
2404022
2404191
2404151
1
1
1
1
1
0000243826
0000683033
0004794854
0004344325
0000610394
01119383
01119576
0004792602
0000654175
01119646
0000509497
0000221356
01119606
01119575
0001153606
0000055405
0000303476
0004714324
24475908
24476687
24492805
24489584
24479718
24471589
24488248
24477617
24470855
24475943
24475013
24477232
24474828
24474516
24480466
24491065
24479202
24471092
24479863
24492614
24480115
24473891
24492363
24488420
24475584
24472499
24472508
24479999
24491607
24475098
24493004
24491550
24494075
24473492
24477993
24494359
24472318
24480787
24470836
24494505
24491745
24480131
24475783
24477039
24474450
24493296
24472531
24487446
24479490
24473964
24480084
24488117
24490365
24479288
24486647
24494262
24489768
24489768
24476716
24480275
24473734
24477261
24487339
24473512
24480792
24479812
24487004
24475195
24493311
24492869
24492619
24489237
24493873
24479286
24477399
24495989
24490812
24471111
24489047
24473351
24492542
24473668
24489585
24470785
24488144
24489587
24479275
24470433
24470784
24491665
24473888
24475037

